100 995 9147
1 94 485 0
2 506 326 0
3 416 248 0
4 992 421 0
5 649 322 0
6 237 795 0
7 457 43 1
8 815 845 0
9 446 955 0
10 422 252 0
11 791 9 1
12 359 901 0
13 667 122 0
14 598 94 1
15 7 738 0
16 544 574 0
17 334 715 0
18 766 882 0
19 994 367 0
20 893 984 0
21 633 299 0
22 131 433 0
23 428 682 0
24 700 72 1
25 617 874 0
26 874 138 1
27 720 856 0
28 419 145 0
29 794 995 0
30 196 529 0
31 997 199 1
32 116 277 0
33 908 97 1
34 539 719 0
35 707 242 0
36 569 107 0
37 537 122 0
38 931 70 1
39 726 98 1
40 487 600 0
41 772 645 0
42 513 267 0
43 81 972 0
44 943 895 0
45 58 213 0
46 303 748 0
47 764 487 0
48 536 923 0
49 724 29 1
50 789 674 0
51 479 540 0
52 142 554 0
53 339 467 0
54 641 46 1
55 196 710 0
56 494 553 0
57 66 191 0
58 824 724 0
59 208 730 0
60 711 988 0
61 800 90 1
62 314 340 0
63 289 549 0
64 401 196 0
65 466 865 0
66 689 678 0
67 833 570 0
68 225 936 0
69 244 722 0
70 849 651 0
71 113 123 0
72 379 431 0
73 361 508 0
74 65 585 0
75 486 853 0
76 686 642 0
77 286 992 0
78 889 725 0
79 24 286 0
80 491 812 0
81 891 859 0
82 90 663 0
83 181 88 0
84 214 179 0
85 17 187 0
86 472 619 0
87 418 261 0
88 419 846 0
89 356 192 0
90 682 261 0
91 306 514 0
92 201 886 0
93 385 530 0
94 952 849 0
95 500 294 0
96 194 799 0
97 737 391 0
98 324 330 0
99 992 298 0
100 224 790 0