100 9984 23982
1 1485 485 1
2 6094 5094 0
3 7326 6326 0
4 5506 4506 0
5 10248 9248 0
6 5416 4416 0
7 6421 5421 0
8 1992 992 1
9 1322 322 1
10 7649 6649 0
11 6795 5795 0
12 10237 9237 0
13 9043 8043 0
14 7457 6457 0
15 3845 2845 0
16 8815 7815 0
17 5955 4955 0
18 10446 9446 0
19 10252 9252 0
20 4422 3422 0
21 2009 1009 0
22 9791 8791 0
23 6901 5901 0
24 10359 9359 0
25 2122 1122 0
26 6667 5667 0
27 2094 1094 1
28 2598 1598 0
29 9738 8738 0
30 3007 2007 0
31 9574 8574 0
32 1544 544 1
33 6715 5715 0
34 6334 5334 0
35 9882 8882 0
36 3766 2766 0
37 2367 1367 1
38 4994 3994 0
39 10984 9984 0
40 10893 9893 0
41 4299 3299 0
42 3633 2633 0
43 10433 9433 0
44 8131 7131 0
45 6682 5682 0
46 6428 5428 0
47 1072 72 1
48 7700 6700 0
49 8874 7874 0
50 1617 617 1
51 1138 138 1
52 6874 5874 0
53 4856 3856 0
54 8720 7720 0
55 8145 7145 0
56 5419 4419 0
57 8995 7995 0
58 10794 9794 0
59 2529 1529 1
60 9196 8196 0
61 7199 6199 0
62 6997 5997 0
63 4277 3277 0
64 4116 3116 0
65 1097 97 1
66 6908 5908 0
67 10719 9719 0
68 6539 5539 0
69 6242 5242 0
70 6707 5707 0
71 7107 6107 0
72 9569 8569 0
73 2122 1122 0
74 6537 5537 0
75 2070 1070 1
76 1931 931 1
77 7098 6098 0
78 6726 5726 0
79 4600 3600 0
80 6487 5487 0
81 7645 6645 0
82 10772 9772 0
83 8267 7267 0
84 8513 7513 0
85 2972 1972 0
86 3081 2081 0
87 10895 9895 0
88 10943 9943 0
89 4213 3213 0
90 9058 8058 0
91 10748 9748 0
92 5303 4303 0
93 10487 9487 0
94 4764 3764 0
95 2923 1923 0
96 7536 6536 0
97 8029 7029 0
98 1724 724 1
99 6674 5674 0
100 4789 3789 0