200 10330 26330
1 1485 485 1
2 6094 5094 0
3 7326 6326 0
4 5506 4506 0
5 10248 9248 0
6 5416 4416 0
7 6421 5421 0
8 1992 992 1
9 1322 322 1
10 7649 6649 0
11 6795 5795 0
12 10237 9237 0
13 9043 8043 0
14 7457 6457 0
15 3845 2845 0
16 8815 7815 0
17 5955 4955 0
18 10446 9446 0
19 10252 9252 0
20 4422 3422 0
21 2009 1009 1
22 9791 8791 0
23 6901 5901 0
24 10359 9359 0
25 2122 1122 0
26 6667 5667 0
27 2094 1094 0
28 2598 1598 0
29 9738 8738 0
30 3007 2007 0
31 9574 8574 0
32 1544 544 1
33 6715 5715 0
34 6334 5334 0
35 9882 8882 0
36 3766 2766 0
37 2367 1367 0
38 4994 3994 0
39 10984 9984 0
40 10893 9893 0
41 4299 3299 0
42 3633 2633 0
43 10433 9433 0
44 8131 7131 0
45 6682 5682 0
46 6428 5428 0
47 1072 72 1
48 7700 6700 0
49 8874 7874 0
50 1617 617 1
51 1138 138 1
52 6874 5874 0
53 4856 3856 0
54 8720 7720 0
55 8145 7145 0
56 5419 4419 0
57 8995 7995 0
58 10794 9794 0
59 2529 1529 0
60 9196 8196 0
61 7199 6199 0
62 6997 5997 0
63 4277 3277 0
64 4116 3116 0
65 1097 97 1
66 6908 5908 0
67 10719 9719 0
68 6539 5539 0
69 6242 5242 0
70 6707 5707 0
71 7107 6107 0
72 9569 8569 0
73 2122 1122 0
74 6537 5537 0
75 2070 1070 0
76 1931 931 1
77 7098 6098 0
78 6726 5726 0
79 4600 3600 0
80 6487 5487 0
81 7645 6645 0
82 10772 9772 0
83 8267 7267 0
84 8513 7513 0
85 2972 1972 0
86 3081 2081 0
87 10895 9895 0
88 10943 9943 0
89 4213 3213 0
90 9058 8058 0
91 10748 9748 0
92 5303 4303 0
93 10487 9487 0
94 4764 3764 0
95 2923 1923 0
96 7536 6536 0
97 8029 7029 0
98 1724 724 1
99 6674 5674 0
100 4789 3789 0
101 9540 8540 0
102 8479 7479 0
103 6554 5554 0
104 3142 2142 0
105 3467 2467 0
106 9339 8339 0
107 8046 7046 0
108 9641 8641 0
109 10710 9710 0
110 4196 3196 0
111 1553 553 1
112 2494 1494 1
113 4191 3191 0
114 5066 4066 0
115 9724 8724 0
116 1824 824 1
117 6730 5730 0
118 10208 9208 0
119 7988 6988 0
120 10711 9711 0
121 3090 2090 0
122 9800 8800 0
123 10340 9340 0
124 4314 3314 0
125 8549 7549 0
126 7289 6289 0
127 5196 4196 0
128 10401 9401 0
129 1865 865 1
130 2466 1466 0
131 10678 9678 0
132 3689 2689 0
133 6570 5570 0
134 7833 6833 0
135 5936 4936 0
136 6225 5225 0
137 4722 3722 0
138 7244 6244 0
139 4651 3651 0
140 4849 3849 0
141 7123 6123 0
142 9113 8113 0
143 2431 1431 0
144 4379 3379 0
145 9508 8508 0
146 8361 7361 0
147 8585 7585 0
148 3065 2065 0
149 2853 1853 0
150 8486 7486 0
151 10642 9642 0
152 3686 2686 0
153 8992 7992 0
154 8286 7286 0
155 7725 6725 0
156 2889 1889 0
157 2286 1286 0
158 9024 8024 0
159 2812 1812 0
160 10491 9491 0
161 9859 8859 0
162 7891 6891 0
163 1663 663 1
164 6090 5090 0
165 2088 1088 0
166 6181 5181 0
167 5179 4179 0
168 2214 1214 0
169 5187 4187 0
170 2017 1017 0
171 7619 6619 0
172 4472 3472 0
173 8261 7261 0
174 5418 4418 0
175 7846 6846 0
176 6419 5419 0
177 10192 9192 0
178 8356 7356 0
179 8261 7261 0
180 7682 6682 0
181 6514 5514 0
182 10306 9306 0
183 3886 2886 0
184 3201 2201 0
185 4530 3530 0
186 9385 8385 0
187 5849 4849 0
188 2952 1952 0
189 4294 3294 0
190 2500 1500 0
191 2799 1799 0
192 2194 1194 0
193 3391 2391 0
194 10737 9737 0
195 5330 4330 0
196 5324 4324 0
197 3298 2298 0
198 3992 2992 0
199 3790 2790 0
200 3224 2224 0