100 997 2397
1 585 485 0
2 194 94 1
3 426 326 0
4 606 506 0
5 348 248 0
6 516 416 0
7 521 421 0
8 1092 992 0
9 422 322 0
10 749 649 0
11 895 795 0
12 337 237 0
13 143 43 1
14 557 457 0
15 945 845 0
16 915 815 0
17 1055 955 0
18 546 446 0
19 352 252 0
20 522 422 0
21 109 9 1
22 891 791 0
23 1001 901 0
24 459 359 0
25 222 122 0
26 767 667 0
27 194 94 1
28 698 598 0
29 838 738 0
30 107 7 1
31 674 574 0
32 644 544 0
33 815 715 0
34 434 334 0
35 982 882 0
36 866 766 0
37 467 367 0
38 1094 994 0
39 1084 984 0
40 993 893 0
41 399 299 0
42 733 633 0
43 533 433 0
44 231 131 0
45 782 682 0
46 528 428 0
47 172 72 1
48 800 700 0
49 974 874 0
50 717 617 0
51 238 138 1
52 974 874 0
53 956 856 0
54 820 720 0
55 245 145 0
56 519 419 0
57 1095 995 0
58 894 794 0
59 629 529 0
60 296 196 0
61 299 199 0
62 1097 997 0
63 377 277 0
64 216 116 0
65 197 97 1
66 1008 908 0
67 819 719 0
68 639 539 0
69 342 242 0
70 807 707 0
71 207 107 1
72 669 569 0
73 222 122 0
74 637 537 0
75 170 70 1
76 1031 931 0
77 198 98 1
78 826 726 0
79 700 600 0
80 587 487 0
81 745 645 0
82 872 772 0
83 367 267 0
84 613 513 0
85 1072 972 0
86 181 81 1
87 995 895 0
88 1043 943 0
89 313 213 0
90 158 58 1
91 848 748 0
92 403 303 0
93 587 487 0
94 864 764 0
95 1023 923 0
96 636 536 0
97 129 29 1
98 824 724 0
99 774 674 0
100 889 789 0