50 9984 20862
1 1485 485 1
2 6094 5094 0
3 7326 6326 0
4 5506 4506 0
5 10248 9248 0
6 5416 4416 0
7 6421 5421 0
8 1992 992 1
9 1322 322 1
10 7649 6649 0
11 6795 5795 0
12 10237 9237 0
13 9043 8043 0
14 7457 6457 0
15 3845 2845 0
16 8815 7815 0
17 5955 4955 0
18 10446 9446 0
19 10252 9252 0
20 4422 3422 0
21 2009 1009 1
22 9791 8791 0
23 6901 5901 0
24 10359 9359 0
25 2122 1122 1
26 6667 5667 0
27 2094 1094 1
28 2598 1598 1
29 9738 8738 0
30 3007 2007 1
31 9574 8574 0
32 1544 544 1
33 6715 5715 0
34 6334 5334 0
35 9882 8882 0
36 3766 2766 0
37 2367 1367 0
38 4994 3994 0
39 10984 9984 0
40 10893 9893 0
41 4299 3299 0
42 3633 2633 0
43 10433 9433 0
44 8131 7131 0
45 6682 5682 0
46 6428 5428 0
47 1072 72 1
48 7700 6700 0
49 8874 7874 0
50 1617 617 1