200 10295 108079
1 5094 485 1
2 4506 6326 0
3 4416 9248 0
4 992 5421 0
5 6649 322 1
6 9237 5795 0
7 6457 8043 0
8 7815 2845 0
9 9446 4955 0
10 3422 9252 0
11 8791 1009 1
12 9359 5901 0
13 5667 1122 0
14 1598 1094 0
15 2007 8738 0
16 544 8574 0
17 5334 5715 0
18 2766 8882 0
19 3994 1367 0
20 9893 9984 0
21 2633 3299 0
22 7131 9433 0
23 5428 5682 0
24 6700 72 1
25 617 7874 0
26 5874 138 1
27 7720 3856 0
28 4419 7145 0
29 9794 7995 0
30 8196 1529 0
31 5997 6199 0
32 3116 3277 0
33 5908 97 1
34 5539 9719 0
35 5707 5242 0
36 8569 6107 0
37 5537 1122 0
38 931 1070 0
39 5726 6098 0
40 5487 3600 0
41 9772 6645 0
42 7513 7267 0
43 2081 1972 0
44 9943 9895 0
45 8058 3213 0
46 4303 9748 0
47 3764 9487 0
48 6536 1923 0
49 724 7029 0
50 3789 5674 0
51 7479 8540 0
52 2142 5554 0
53 8339 2467 0
54 8641 7046 0
55 3196 9710 0
56 1494 553 0
57 4066 3191 0
58 824 8724 0
59 9208 5730 0
60 9711 6988 0
61 8800 2090 0
62 3314 9340 0
63 6289 7549 0
64 9401 4196 0
65 1466 865 0
66 2689 9678 0
67 6833 5570 0
68 5225 4936 0
69 6244 3722 0
70 3849 3651 0
71 8113 6123 0
72 3379 1431 0
73 7361 8508 0
74 2065 7585 0
75 7486 1853 0
76 2686 9642 0
77 7286 7992 0
78 1889 6725 0
79 8024 1286 1
80 9491 1812 0
81 6891 8859 0
82 5090 663 1
83 5181 1088 0
84 1214 4179 0
85 1017 4187 0
86 3472 6619 0
87 4418 7261 0
88 5419 6846 0
89 7356 9192 0
90 6682 7261 0
91 9306 5514 0
92 2201 2886 0
93 8385 3530 0
94 1952 4849 0
95 1500 3294 0
96 1194 1799 0
97 9737 2391 0
98 4324 4330 0
99 2992 2298 0
100 2224 2790 0
101 8260 5275 0
102 1097 9826 0
103 4210 2072 0
104 1649 2866 0
105 6919 7951 0
106 3063 8748 0
107 2958 6685 0
108 4804 9956 0
109 518 8564 0
110 5428 4183 0
111 5537 9400 0
112 5346 6721 0
113 4153 1207 0
114 8971 1323 1
115 7662 611 1
116 4197 2116 0
117 8091 8109 0
118 1529 6795 0
119 5126 9343 0
120 8747 7862 0
121 8469 1685 0
122 3770 7010 0
123 1934 1881 0
124 723 6984 0
125 1895 9403 0
126 7568 8360 0
127 6172 5449 0
128 6958 3541 0
129 4383 6272 0
130 3308 2877 0
131 4970 3359 0
132 3583 2707 0
133 6048 4308 0
134 930 7770 0
135 7569 3030 0
136 5003 6208 0
137 7020 5311 0
138 1609 2100 0
139 5887 3939 0
140 6825 8422 0
141 9930 2785 0
142 4904 5370 0
143 241 3989 0
144 7379 4969 0
145 9376 9143 0
146 7962 9972 0
147 6889 7028 0
148 7443 3061 0
149 8216 9638 0
150 5338 1348 0
151 9160 9347 0
152 6406 8066 0
153 8159 1391 1
154 3031 5638 0
155 5204 5295 0
156 7420 3826 0
157 9153 1196 1
158 3425 2449 0
159 5331 9855 0
160 565 2143 0
161 7838 5487 0
162 8009 9140 0
163 3918 564 0
164 533 3615 0
165 232 8135 0
166 3957 3564 0
167 6591 6360 0
168 576 7793 0
169 3746 9163 0
170 6377 4859 0
171 3858 3760 0
172 3086 9711 0
173 2434 5662 0
174 558 159 0
175 4279 5660 0
176 2840 4268 0
177 2735 5948 0
178 8574 7315 0
179 126 4676 0
180 3912 8341 0
181 8739 3689 0
182 821 7894 0
183 3625 1706 0
184 5917 7490 0
185 6201 7478 0
186 2993 5671 0
187 1149 1932 0
188 52 2899 0
189 9759 6237 0
190 9267 187 1
191 2256 3472 0
192 8783 8772 0
193 8117 2098 0
194 1516 5906 0
195 7180 3911 0
196 7025 635 1
197 380 225 0
198 5712 823 1
199 8266 9164 0
200 3216 8343 0