p cnf 9984 100
5094 485 1
4506 6326 0
4416 9248 0
992 5421 0
6649 322 1
9237 5795 0
6457 8043 0
7815 2845 0
9446 4955 0
3422 9252 0
8791 1009 1
9359 5901 0
5667 1122 1
1598 1094 0
2007 8738 0
544 8574 0
5334 5715 0
2766 8882 0
3994 1367 0
9893 9984 0
2633 3299 0
7131 9433 0
5428 5682 0
6700 72 1
617 7874 0
5874 138 1
7720 3856 0
4419 7145 0
9794 7995 0
8196 1529 1
5997 6199 0
3116 3277 0
5908 97 1
5539 9719 0
5707 5242 0
8569 6107 0
5537 1122 1
931 1070 0
5726 6098 0
5487 3600 0
9772 6645 0
7513 7267 0
2081 1972 0
9943 9895 0
8058 3213 0
4303 9748 0
3764 9487 0
6536 1923 0
724 7029 0
3789 5674 0
7479 8540 0
2142 5554 0
8339 2467 0
8641 7046 0
3196 9710 0
1494 553 0
4066 3191 0
824 8724 0
9208 5730 0
9711 6988 0
8800 2090 0
3314 9340 0
6289 7549 0
9401 4196 0
1466 865 0
2689 9678 0
6833 5570 0
5225 4936 0
6244 3722 0
3849 3651 0
8113 6123 0
3379 1431 0
7361 8508 0
2065 7585 0
7486 1853 0
2686 9642 0
7286 7992 0
1889 6725 0
8024 1286 1
9491 1812 1
6891 8859 0
5090 663 1
5181 1088 0
1214 4179 0
1017 4187 0
3472 6619 0
4418 7261 0
5419 6846 0
7356 9192 0
6682 7261 0
9306 5514 0
2201 2886 0
8385 3530 0
1952 4849 0
1500 3294 0
1194 1799 0
9737 2391 0
4324 4330 0
2992 2298 0
2224 2790 0