p cnf 10984 200
1485 485 1
6094 5094 0
7326 6326 0
5506 4506 0
10248 9248 0
5416 4416 0
6421 5421 0
1992 992 1
1322 322 1
7649 6649 0
6795 5795 0
10237 9237 0
9043 8043 0
7457 6457 0
3845 2845 0
8815 7815 0
5955 4955 0
10446 9446 0
10252 9252 0
4422 3422 0
2009 1009 1
9791 8791 0
6901 5901 0
10359 9359 0
2122 1122 0
6667 5667 0
2094 1094 0
2598 1598 0
9738 8738 0
3007 2007 0
9574 8574 0
1544 544 1
6715 5715 0
6334 5334 0
9882 8882 0
3766 2766 0
2367 1367 0
4994 3994 0
10984 9984 0
10893 9893 0
4299 3299 0
3633 2633 0
10433 9433 0
8131 7131 0
6682 5682 0
6428 5428 0
1072 72 1
7700 6700 0
8874 7874 0
1617 617 1
1138 138 1
6874 5874 0
4856 3856 0
8720 7720 0
8145 7145 0
5419 4419 0
8995 7995 0
10794 9794 0
2529 1529 0
9196 8196 0
7199 6199 0
6997 5997 0
4277 3277 0
4116 3116 0
1097 97 1
6908 5908 0
10719 9719 0
6539 5539 0
6242 5242 0
6707 5707 0
7107 6107 0
9569 8569 0
2122 1122 0
6537 5537 0
2070 1070 0
1931 931 1
7098 6098 0
6726 5726 0
4600 3600 0
6487 5487 0
7645 6645 0
10772 9772 0
8267 7267 0
8513 7513 0
2972 1972 0
3081 2081 0
10895 9895 0
10943 9943 0
4213 3213 0
9058 8058 0
10748 9748 0
5303 4303 0
10487 9487 0
4764 3764 0
2923 1923 0
7536 6536 0
8029 7029 0
1724 724 1
6674 5674 0
4789 3789 0
9540 8540 0
8479 7479 0
6554 5554 0
3142 2142 0
3467 2467 0
9339 8339 0
8046 7046 0
9641 8641 0
10710 9710 0
4196 3196 0
1553 553 1
2494 1494 1
4191 3191 0
5066 4066 0
9724 8724 0
1824 824 1
6730 5730 0
10208 9208 0
7988 6988 0
10711 9711 0
3090 2090 0
9800 8800 0
10340 9340 0
4314 3314 0
8549 7549 0
7289 6289 0
5196 4196 0
10401 9401 0
1865 865 1
2466 1466 0
10678 9678 0
3689 2689 0
6570 5570 0
7833 6833 0
5936 4936 0
6225 5225 0
4722 3722 0
7244 6244 0
4651 3651 0
4849 3849 0
7123 6123 0
9113 8113 0
2431 1431 0
4379 3379 0
9508 8508 0
8361 7361 0
8585 7585 0
3065 2065 0
2853 1853 0
8486 7486 0
10642 9642 0
3686 2686 0
8992 7992 0
8286 7286 0
7725 6725 0
2889 1889 0
2286 1286 0
9024 8024 0
2812 1812 0
10491 9491 0
9859 8859 0
7891 6891 0
1663 663 1
6090 5090 0
2088 1088 0
6181 5181 0
5179 4179 0
2214 1214 0
5187 4187 0
2017 1017 0
7619 6619 0
4472 3472 0
8261 7261 0
5418 4418 0
7846 6846 0
6419 5419 0
10192 9192 0
8356 7356 0
8261 7261 0
7682 6682 0
6514 5514 0
10306 9306 0
3886 2886 0
3201 2201 0
4530 3530 0
9385 8385 0
5849 4849 0
2952 1952 0
4294 3294 0
2500 1500 0
2799 1799 0
2194 1194 0
3391 2391 0
10737 9737 0
5330 4330 0
5324 4324 0
3298 2298 0
3992 2992 0
3790 2790 0
3224 2224 0