p cnf 10984 100
1485 485 1
6094 5094 0
7326 6326 0
5506 4506 0
10248 9248 0
5416 4416 0
6421 5421 0
1992 992 1
1322 322 1
7649 6649 0
6795 5795 0
10237 9237 0
9043 8043 0
7457 6457 0
3845 2845 0
8815 7815 0
5955 4955 0
10446 9446 0
10252 9252 0
4422 3422 0
2009 1009 0
9791 8791 0
6901 5901 0
10359 9359 0
2122 1122 0
6667 5667 0
2094 1094 1
2598 1598 0
9738 8738 0
3007 2007 0
9574 8574 0
1544 544 1
6715 5715 0
6334 5334 0
9882 8882 0
3766 2766 0
2367 1367 1
4994 3994 0
10984 9984 0
10893 9893 0
4299 3299 0
3633 2633 0
10433 9433 0
8131 7131 0
6682 5682 0
6428 5428 0
1072 72 1
7700 6700 0
8874 7874 0
1617 617 1
1138 138 1
6874 5874 0
4856 3856 0
8720 7720 0
8145 7145 0
5419 4419 0
8995 7995 0
10794 9794 0
2529 1529 1
9196 8196 0
7199 6199 0
6997 5997 0
4277 3277 0
4116 3116 0
1097 97 1
6908 5908 0
10719 9719 0
6539 5539 0
6242 5242 0
6707 5707 0
7107 6107 0
9569 8569 0
2122 1122 0
6537 5537 0
2070 1070 1
1931 931 1
7098 6098 0
6726 5726 0
4600 3600 0
6487 5487 0
7645 6645 0
10772 9772 0
8267 7267 0
8513 7513 0
2972 1972 0
3081 2081 0
10895 9895 0
10943 9943 0
4213 3213 0
9058 8058 0
10748 9748 0
5303 4303 0
10487 9487 0
4764 3764 0
2923 1923 0
7536 6536 0
8029 7029 0
1724 724 1
6674 5674 0
4789 3789 0