p cnf 10295 200
509 485 1
4506 6326 0
4416 9248 0
992 5421 0
6649 322 1
9237 5795 0
6457 8043 0
7815 2845 0
9446 4955 0
3422 9252 0
8791 1009 1
9359 5901 0
5667 1122 0
1598 1094 0
2007 8738 0
544 8574 0
5334 5715 0
2766 8882 0
3994 1367 0
9893 9984 0
2633 3299 0
7131 9433 0
5428 5682 0
6700 72 1
617 7874 0
5874 138 1
7720 3856 0
4419 7145 0
9794 7995 0
8196 1529 0
5997 6199 0
3116 3277 0
5908 97 1
5539 9719 0
5707 5242 0
8569 6107 0
5537 1122 0
931 1070 0
5726 6098 0
5487 3600 0
9772 6645 0
7513 7267 0
2081 1972 0
9943 9895 0
8058 3213 0
4303 9748 0
3764 9487 0
6536 1923 0
724 7029 0
3789 5674 0
7479 8540 0
2142 5554 0
8339 2467 0
8641 7046 0
3196 9710 0
1494 553 0
4066 3191 0
824 8724 0
9208 5730 0
9711 6988 0
8800 2090 0
3314 9340 0
6289 7549 0
9401 4196 0
1466 865 0
2689 9678 0
6833 5570 0
5225 4936 0
6244 3722 0
3849 3651 0
8113 6123 0
3379 1431 0
7361 8508 0
2065 7585 0
7486 1853 0
2686 9642 0
7286 7992 0
1889 6725 0
8024 1286 1
9491 1812 0
6891 8859 0
5090 663 1
5181 1088 0
1214 4179 0
1017 4187 0
3472 6619 0
4418 7261 0
5419 6846 0
7356 9192 0
6682 7261 0
9306 5514 0
2201 2886 0
8385 3530 0
1952 4849 0
1500 3294 0
1194 1799 0
9737 2391 0
4324 4330 0
2992 2298 0
2224 2790 0
8260 5275 0
1097 9826 0
4210 2072 0
1649 2866 0
6919 7951 0
3063 8748 0
2958 6685 0
4804 9956 0
518 8564 0
5428 4183 0
5537 9400 0
5346 6721 0
4153 1207 0
8971 1323 1
7662 611 1
4197 2116 0
8091 8109 0
1529 6795 0
5126 9343 0
8747 7862 0
8469 1685 0
3770 7010 0
1934 1881 0
723 6984 0
1895 9403 0
7568 8360 0
6172 5449 0
6958 3541 0
4383 6272 0
3308 2877 0
4970 3359 0
3583 2707 0
6048 4308 0
930 7770 0
7569 3030 0
5003 6208 0
7020 5311 0
1609 2100 0
5887 3939 0
6825 8422 0
9930 2785 0
4904 5370 0
241 3989 0
7379 4969 0
9376 9143 0
7962 9972 0
6889 7028 0
7443 3061 0
8216 9638 0
5338 1348 0
9160 9347 0
6406 8066 0
8159 1391 1
3031 5638 0
5204 5295 0
7420 3826 0
9153 1196 1
3425 2449 0
5331 9855 0
565 2143 0
7838 5487 0
8009 9140 0
3918 564 0
533 3615 0
232 8135 0
3957 3564 0
6591 6360 0
576 7793 0
3746 9163 0
6377 4859 0
3858 3760 0
3086 9711 0
2434 5662 0
558 159 0
4279 5660 0
2840 4268 0
2735 5948 0
8574 7315 0
126 4676 0
3912 8341 0
8739 3689 0
821 7894 0
3625 1706 0
5917 7490 0
6201 7478 0
2993 5671 0
1149 1932 0
52 2899 0
9759 6237 0
9267 187 1
2256 3472 0
8783 8772 0
8117 2098 0
1516 5906 0
7180 3911 0
7025 635 1
380 225 0
5712 823 1
8266 9164 0
3216 8343 0