p cnf 1097 100
585 485 0
194 94 1
426 326 0
606 506 0
348 248 0
516 416 0
521 421 0
1092 992 0
422 322 0
749 649 0
895 795 0
337 237 0
143 43 1
557 457 0
945 845 0
915 815 0
1055 955 0
546 446 0
352 252 0
522 422 0
109 9 1
891 791 0
1001 901 0
459 359 0
222 122 0
767 667 0
194 94 1
698 598 0
838 738 0
107 7 1
674 574 0
644 544 0
815 715 0
434 334 0
982 882 0
866 766 0
467 367 0
1094 994 0
1084 984 0
993 893 0
399 299 0
733 633 0
533 433 0
231 131 0
782 682 0
528 428 0
172 72 1
800 700 0
974 874 0
717 617 0
238 138 1
974 874 0
956 856 0
820 720 0
245 145 0
519 419 0
1095 995 0
894 794 0
629 529 0
296 196 0
299 199 0
1097 997 0
377 277 0
216 116 0
197 97 1
1008 908 0
819 719 0
639 539 0
342 242 0
807 707 0
207 107 1
669 569 0
222 122 0
637 537 0
170 70 1
1031 931 0
198 98 1
826 726 0
700 600 0
587 487 0
745 645 0
872 772 0
367 267 0
613 513 0
1072 972 0
181 81 1
995 895 0
1043 943 0
313 213 0
158 58 1
848 748 0
403 303 0
587 487 0
864 764 0
1023 923 0
636 536 0
129 29 1
824 724 0
774 674 0
889 789 0