p cnf 1008 20
94 485 0
506 326 0
416 248 0
992 421 0
649 322 0
237 795 0
457 43 1
815 845 0
446 955 0
422 252 0
791 9 1
359 901 0
667 122 0
598 94 0
7 738 0
544 574 0
334 715 0
766 882 0
994 367 0
893 984 0
633 299 0
131 433 0
428 682 0
700 72 1
617 874 0
874 138 1
720 856 0
419 145 0
794 995 0
196 529 0
997 199 0
116 277 0
908 97 1
539 719 0
707 242 0
569 107 0
537 122 0
931 70 1
726 98 1
487 600 0
772 645 0
513 267 0
81 972 0
943 895 0
58 213 0
303 748 0
764 487 0
536 923 0
724 29 1
789 674 0
479 540 0
142 554 0
339 467 0
641 46 1
196 710 0
494 553 0
66 191 0
824 724 0
208 730 0
711 988 0
800 90 1
314 340 0
289 549 0
401 196 0
466 865 0
689 678 0
833 570 0
225 936 0
244 722 0
849 651 0
113 123 0
379 431 0
361 508 0
65 585 0
486 853 0
686 642 0
286 992 0
889 725 0
24 286 0
491 812 0
891 859 0
90 663 0
181 88 0
214 179 0
17 187 0
472 619 0
418 261 0
419 846 0
356 192 0
682 261 0
306 514 0
201 886 0
385 530 0
952 849 0
500 294 0
194 799 0
737 391 0
324 330 0
992 298 0
224 790 0
260 275 0
97 826 0
210 72 0
649 866 0
919 951 0
63 748 0
958 685 0
804 956 0
518 564 0
428 183 0
537 400 0
346 721 0
153 207 0
971 323 0
662 611 0
197 116 0
91 109 0
529 795 0
126 343 0
747 862 0
469 685 0
770 10 1
934 881 0
723 984 0
895 403 0
568 360 0
172 449 0
958 541 0
383 272 0
308 877 0
970 359 0
583 707 0
48 308 0
930 770 0
569 30 1
3 208 0
20 311 0
609 100 1
887 939 0
825 422 0
930 785 0
904 370 0
241 989 0
379 969 0
376 143 0
962 972 0
889 28 1
443 61 1
216 638 0
338 348 0
160 347 0
406 66 1
159 391 0
31 638 0
204 295 0
420 826 0
153 196 0
425 449 0
331 855 0
565 143 0
838 487 0
9 140 0
918 564 0
533 615 0
232 135 0
957 564 0
591 360 0
576 793 0
746 163 0
377 859 0
858 760 0
86 711 0
434 662 0
558 159 0
279 660 0
840 268 0
735 948 0
574 315 0
126 676 0
912 341 0
739 689 0
821 894 0
625 706 0
917 490 0
201 478 0
993 671 0
149 932 0
52 899 0
759 237 0
267 187 0
256 472 0
783 772 0
117 98 0
516 906 0
180 911 0
25 635 0
380 225 0
712 823 0
266 164 0
216 343 0